1 0 0 1 40 -444 228 -171 90 -180                
1 0 0 2 131.234 -332.748 228.94 116.244 90 180  
1 0 0 3 262.562 -332.748 228.94 116.245 90 180  
1 0 0 4 40 -444 228 -171 90 -180                
1 0 0 5 60 -450 222 -180 90 -180                
1 0 0 6 -60.82 -403.981 273.867 141.153 90 180  
1 0 0 7 40 -444 228 -171 90 -180                
1 0 0 8 40.733 -444.492 228.94 -171.18 90 -180  
1 0 0 9 40 -444 228 -171 90 -180                
1 0 0 10 40 -444 228 -171 90 -180               
1 0 0 11 150 -300 400 100 90 180                
1 0 0 12 131.234 -332.748 228.94 116.244 90 180
1 0 0 13 262.562 -332.748 228.94 116.245 90 180 
1 0 0 14 40 -444 228 -171 90 -180               
1 0 0 15 40 -444 400 -180 90 -180               
1 0 0 16 -60.82 -403.981 273.867 141.153 90 180 
1 0 0 17 40 -444 228 -171 90 -180               
1 0 0 18 40.733 -444.492 228.94 -171.18 90 -180 
1 0 0 19 40 -444 228 -171 90 -180               
