1 0 0 1 -47.851 -475.91 206.303 53.259 90 180           
1 0 0 2 -46.945 -476.044 139.76 53.558 90 180                     
1 0 0 3 -47.851 -475.91 206.303 53.259 90 180            
1 0 0 4 410.542 -165.566 294.485 -113.495 90 180                     
1 0 0 5 571.376 70.767 219.173 114.113 90 -180                             
1 0 0 6 571.376 70.767 169.925 114.113 90 -180                          
1 0 0 7 571.376 70.765 236.177 114.112 90 -180                     
1 0 0 8 386.826 -14.396 236.177 99.142 90 180                        
1 0 0 9 584.477 98.8 236.177 99.142 90 -180                         
1 0 0 10 584.477 98.801 126.956 99.143 90 -180                        
1 0 0 11 584.478 98.798 229.34 99.142 90 -180                             
1 0 0 12 497.474 298.18 229.34 -69.286 90 180                         
1 0 0 13 497.474 298.18 132.698 -69.286 90 180                      
1 0 0 14 497.474 298.18 222.278 -69.286 90 180                       
1 0 0 15 360.451 -117.268 222.278 -69.286 90 180                                   
1 0 0 16 506.249 252.389 222.278 -69.286 90 -180                      
1 0 0 17 506.25 252.384 132.854 -69.286 90 180                      
1 0 0 18 506.251 252.385 229.334 -69.287 90 -180                            
1 0 0 19 287.726 -313.967 229.334 110.57 90 -180                     
1 0 0 20 124.557 -417.732 229.334 66.304 90 -180                    
1 0 0 21 -60.82 -403.981 273.867 141.153 90 180               
1 0 0 22 124.557 -417.732 229.334 66.304 90 -180                     
1 0 0 23 -72.658 -313.253 243.589 -127.399 90 180                    
1 0 0 24 124.557 -417.732 229.334 66.304 90 -180                                    
