-------------------------------
2020-01-16 13:13:06
Position 1 : 1 0 0 1 -66.981 -230.088 338.379 97.352 90 180
Position 2 : 1 0 0 2 -66.981 -230.088 273.867 97.352 90 180
Position 3 : 1 0 0 3 -66.98 -486.984 273.867 55.742 90 180
Position 4 : 1 0 0 4 41.307 -413.257 273.867 146.75 90 -180
Position 9 : 1 0 0 9 41.307 -413.257 273.867 146.749 90 180

--------------------------------
2020-01-16 15:00:34
Position 3 : 1 0 0 3 -66.98 -486.984 273.867 55.742 90 180
Position 2 : 1 0 0 2 188.993 -249.164 351.051 97.352 90 180
Position 9 : 1 0 0 9 188.994 -249.164 351.051 97.352 90 -180

--------------------------------
2020-05-05 16:37:29
Position 1 : LOADER: System loaded
Position 2 : MBIST: ok
Position 3 : 
Position 9 : Controller Model G2400

--------------------------------
2020-05-06 15:08:19

--------------------------------
2020-05-06 19:18:21
Position 1 : 1 0 0 1 -40.238 -510.671 337.782 141.657 90 -180
Position 2 : 1 0 0 2 -40.238 -510.671 337.782 141.658 90 -180
Position 3 : 1 0 0 3 243.442 -268.752 337.782 141.657 90 -180
Position 4 : 1 0 0 4 243.442 -491.951 337.782 141.658 90 180
Position 5 : 1 0 0 5 243.443 -581.231 337.782 141.658 90 -180
Position 6 : 1 0 0 6 430.259 -240.654 337.782 141.658 90 180
Position 7 : 1 0 0 7 430.258 -240.652 226.902 141.658 90 180
Position 8 : 1 0 0 8 -76.84 -240.653 363.702 141.658 90 180

--------------------------------
2020-05-08 16:28:04
Position 1 : 1 0 0 1 -38.155 -325.758 336.326 172.866 90 180
Position 1 : 1 0 0 1 -38.155 -325.758 336.326 172.866 90 180
Position 2 : 1 0 0 2 -38.155 -452.479 336.326 172.866 90 180
Position 3 : 1 0 0 3 82.806 -478.975 336.326 172.866 90 -180
Position 4 : 1 0 0 4 82.805 -478.975 254.534 172.866 90 -180
Position 5 : 1 0 0 5 308.598 -407.273 254.534 172.866 90 -180
Position 6 : 1 0 0 6 308.597 -407.273 301.766 172.866 90 -180
Position 7 : 1 0 0 7 129.162 -304.747 301.766 172.866 90 180
Position 8 : 1 0 0 8 -17.142 -278.526 301.766 172.866 90 180
